m 221,812.65479
c 0,-0.73986 3.52275,-6.02736 7.82834,-11.75 4.30559,-5.72263 14.51298,-19.62979 22.68309,-30.90479 8.17011,-11.275 19.60986,-26.82544 25.42166,-34.55654
C 282.74489,727.71237 292.225,714.93258 298,707.04393 312.13169,687.74004 320.71444,676.09091 332.66065,660
c 18.86233,-25.40656 50.4649,-69.16882 64.57803,-89.42566 3.80341,-5.45911 8.37836,-11.75911 10.16656,-14 2.75479,-3.45218 11.01511,-15.22865 34.18227,-48.7325 2.15187,-3.11199 10.54633,-14.81199 18.65436,-26 16.86943,-23.27759 43.97405,-61.24595 50.57214,-70.84184 2.45815,-3.575 11.98059,-17.075 21.16097,-30 16.87513,-23.75838 37.12361,-52.52765 64.9277,-92.25
C 605.27596,276.7875 612.77329,267 613.56341,267 614.80712,267 615,292.34841 615,455.8
c 0,145.51111 -0.27514,189.07514 -1.2,190 -0.86863,0.86863 -8.02857,1.2 -25.92857,1.2 -21.14719,0 -24.95616,-0.22759 -26.3,-1.57143
C 560.16269,644.01983 560,632.92054 560,538.22117
V 432.5852
l -4.46976,5.9574
c -2.45837,3.27657 -10.22087,14.15903 -17.25,24.18323 -7.02913,10.02421 -23.38587,32.97421 -36.3483,51 -12.96243,18.0258 -25.92403,36.14917 -28.80356,40.27417 -2.87953,4.125 -12.16381,16.95 -20.63173,28.5 -8.46793,11.55 -19.9995,27.525 -25.62573,35.5 -5.62622,7.975 -13.53199,18.87658 -17.56837,24.22573 -4.03638,5.34916 -14.4442,19.74916 -23.12848,32
C 377.48979,686.47658 360.55491,709.775 348.541,726
c -12.01392,16.225 -28.10689,38.20539 -35.76216,48.84531 -7.65527,10.63993 -17.28509,23.80243 -21.39959,29.25
L 283.89834,814
H 252.44917
C 226.76942,814 221,813.75322 221,812.65479
Z

M 292.18746,799.25
c 5.25635,-7.0125 13.71863,-18.56627 18.80508,-25.67505 5.08644,-7.10877 22.38014,-30.73377 38.43045,-52.5 16.0503,-21.76622 34.0693,-46.54995 40.0422,-55.07495 5.97291,-8.525 14.75116,-20.675 19.50723,-27 4.75607,-6.325 11.79865,-16 15.65017,-21.5 3.85152,-5.5 12.75126,-17.875 19.77719,-27.5 26.52088,-36.33159 29.72796,-40.76584 36.88585,-51 4.0391,-5.775 15.32988,-21.525 25.09063,-35 9.76074,-13.475 22.78162,-31.65487 28.93527,-40.39971
C 552.75334,438.81408 558.37863,431.5 560,431.5
c 1.32081,0 1.55973,12.72222 2,106.5
l 0.5,106.5 25.25,0.26717 25.25,0.26717
V 457.51717
C 613,354.38273 612.80681,270 612.57068,270
c -0.23613,0 -9.59455,13.1625 -20.79651,29.25 -11.20195,16.0875 -26.39771,37.8 -33.76835,48.25 -7.37065,10.45 -20.37405,28.9 -28.89646,41 -38.00748,53.96251 -66.10413,93.44603 -81.83449,115 -4.01397,5.5 -13.51091,19.06211 -21.10431,30.13803 -7.59339,11.07592 -16.60541,23.90092 -20.0267,28.5 -3.42129,4.59908 -10.38579,14.21197 -15.47667,21.36197 -27.81441,39.06458 -33.16561,46.44557 -64.16719,88.50672 -6.6,8.9545 -15.46945,21.05369 -19.7099,26.8871 -4.24044,5.8334 -12.90342,17.58118 -19.25106,26.10618 -6.34764,8.525 -17.72818,23.99707 -25.2901,34.38239
C 254.68702,769.7677 242.9875,785.70392 236.25,794.79622 229.5125,803.88851 224,811.47894 224,811.66383 224,811.84872 237.19185,812 253.31523,812
h 29.31523
z

M 329,812.18682
c 0,-0.99726 6.21963,-10.33476 13.82139,-20.75
C 350.42316,781.02157 364.6712,761.475 374.48371,748
c 9.81251,-13.475 23.06077,-31.475 29.44059,-40 6.37981,-8.525 14.29427,-19.27955 17.58768,-23.899 3.29341,-4.61946 10.04536,-13.84446 15.00433,-20.5 4.95897,-6.65555 13.14594,-17.951 18.19326,-25.101 19.0744,-27.02064 37.99409,-52.01177 39.61171,-52.32332
C 495.87164,585.87807 496,589.1021 496,628.34084
v 42.48748
l -8.67415,11.83584
C 468.96452,707.71812 456.70105,724.3387 439.85578,747
c -9.6078,12.925 -21.89869,29.8 -27.31309,37.5 -8.81127,12.53082 -14.78076,20.46759 -20.49553,27.25 -1.88987,2.24294 -1.99178,2.25 -32.47149,2.25
C 330.71676,814 329,813.89819 329,812.18682
Z

m 64.95972,-5.94063
c 2.45285,-3.1604 11.25917,-15.19619 19.5696,-26.74619 8.31043,-11.55 26.45302,-36.3 40.31686,-55 13.86385,-18.7 28.68253,-38.71457 32.93041,-44.47682
l 7.72341,-10.47681 0.29217,-40.77319
c 0.26482,-36.95636 -0.1292,-44.50107 -2.06406,-39.52318 -0.26722,0.6875 -7.43578,10.7 -15.93013,22.25 -8.49435,11.55 -19.5688,26.85 -24.60989,34 -5.04109,7.15 -11.75818,16.40661 -14.92685,20.57024 -3.16868,4.16363 -8.91124,12.00846 -12.76124,17.43297 -3.85,5.4245 -12.89322,17.76789 -20.09604,27.42976 -7.20282,9.66187 -20.28359,27.46703 -29.06839,39.56703 -8.7848,12.1 -22.04292,30.325 -29.46251,40.5 -7.41958,10.175 -13.82786,19.0625 -14.24062,19.75 -0.59358,0.98867 5.37695,1.2492 28.55854,1.24619
L 389.5,811.99238
Z

M 140,771.11221
v -41.88779
l 3.64637,-5.36221
c 2.0055,-2.94921 8.193,-11.36332 13.75,-18.69802 5.557,-7.33469 13.25363,-17.71415 17.10363,-23.06547 3.85,-5.35131 14.81074,-20.0266 24.35719,-32.61175 9.54646,-12.58515 17.56553,-23.42497 17.82015,-24.0885 0.26468,-0.68975 -2.04211,-2.5416 -5.38629,-4.32403 -15.48249,-8.25208 -37.26687,-28.58456 -48.98282,-45.71817 -10.52103,-15.38616 -19.61122,-35.23179 -23.94778,-52.28263 -4.66113,-18.32701 -4.92366,-54.68292 -0.53849,-74.57364 8.49709,-38.54208 34.26299,-75.76807 67.67804,-97.7797 17.92107,-11.80522 32.75068,-17.86286 54.6997,-22.34388 11.839,-2.41699 15.49769,-2.7163 33.3003,-2.72423 16.20099,-0.007 22.21819,0.39931 31.6777,2.14011 43.40882,7.98837 75.57146,28.18252 99.87273,62.7077
C 435.94654,405.98026 438,409.16036 438,410.55439
c 0,0.74438 -4.80687,8.01166 -10.68192,16.14951 -5.87506,8.13786 -12.84898,17.9461 -15.49761,21.7961 -10.79193,15.68698 -14.81442,18.20514 -14.82605,9.28138 -0.008,-5.89571 -1.5399,-10.93429 -6.12744,-20.14953 -5.72823,-11.50664 -10.37398,-18.10674 -19.36058,-27.50509 -14.463,-15.12568 -31.36251,-24.99992 -50.73565,-29.6444 -10.6382,-2.55039 -12.28097,-2.67569 -29.27075,-2.23264 -16.19096,0.42223 -18.85427,0.74676 -26.5,3.22907 -10.40923,3.37953 -24.4674,10.30716 -32.5,16.01545 -13.55982,9.63617 -31.40349,31.85072 -36.62777,45.5999 -10.34498,27.22577 -9.57904,60.66526 1.95324,85.27449 11.83674,25.25896 33.59841,45.35659 59.248,54.71753 12.05141,4.39822 20.68532,5.95617 36.72008,6.62597 11.19265,0.46754 14.22987,0.88744 14,1.93549 -0.16145,0.73613 -6.81123,10.22906 -14.77729,21.0954 -27.69018,37.77161 -67.04759,90.83519 -76.95687,103.75698 -11.69135,15.24563 -26.7204,35.24348 -32.98546,43.89089 -2.43433,3.36001 -7.64614,10.38411 -11.58179,15.60911 -3.93565,5.225 -9.54507,12.875 -12.46538,17 -8.96878,12.66858 -15.2743,20 -17.20137,20
C 140.08725,813 140,810.99775 140,771.11221
Z

M 152.02154,798.5
c 10.71972,-14.73526 35.90028,-48.46923 69.05735,-92.51496 5.18161,-6.88323 15.90908,-21.28323 23.83881,-32 7.92974,-10.71677 18.11531,-24.43504 22.6346,-30.48504 4.5193,-6.05 14.82906,-20 22.9106,-31
l 14.69369,-20 -12.72021,-0.67206
c -15.40903,-0.81412 -22.86891,-2.04667 -33.1311,-5.47404 -19.38325,-6.47364 -34.47239,-17.12967 -50.06176,-35.3539 -7.59775,-8.88189 -16.35395,-25.8041 -19.14523,-37 -2.4855,-9.9694 -4.39206,-30.58286 -3.59368,-38.85423 2.7768,-28.76803 10.8177,-46.35004 30.41273,-66.49963 13.90005,-14.29343 27.1639,-22.60211 46.03102,-28.83454 9.07365,-2.99732 10.50407,-3.17675 28.58389,-3.58554 17.86396,-0.4039 19.69252,-0.2712 29.78872,2.16185 19.46579,4.691 36.55126,14.55129 50.76819,29.29909 10.2026,10.58359 15.66143,18.40768 21.62212,30.99083 3.25707,6.87573 4.64786,11.23414 5.14484,16.12261
l 0.68109,6.69956 6.20681,-8.5
c 3.41374,-4.675 7.68037,-10.52016 9.48139,-12.98925 1.80102,-2.46909 7.25947,-10.10028 12.12987,-16.95821 10.00266,-14.08455 9.79323,-11.80146 2.08335,-22.71238 -12.02323,-17.01514 -16.65789,-22.71963 -25.3476,-31.1987
C 380.07579,345.70835 349.8527,332.46782 310,327.92083
c -19.97573,-2.27913 -48.7309,0.9171 -68.81336,7.64884
C 190.99606,352.39378 150.77331,398.36521 139.31578,452
c -1.49478,6.99736 -1.80667,13.00791 -1.76427,34 0.0509,25.21889 0.0854,25.62694 3.122,37.01519 3.70594,13.89826 13.64258,36.16229 21.13924,47.36455 13.93053,20.81639 31.27944,37.50577 50.68725,48.76033 3.94521,2.28782 6.10738,4.21382 6.31356,5.62392 0.21432,1.46584 -2.79693,6.19403 -9.51504,14.94027 -18.25328,23.76375 -27.7765,36.44943 -32.79852,43.69026 -2.75,3.96499 -7.98578,11.01076 -11.63508,15.65728 -3.64929,4.64651 -10.28679,13.57673 -14.75,19.84493
L 142,730.29346
v 40.38806 40.38807
l 2.82831,-3.28479
c 1.55557,-1.80664 4.79252,-5.9848 7.19323,-9.2848
z

M 768.5,647.9812
c -21.11772,-0.64783 -22.5815,-0.82597 -36.5,-4.44199 -7.975,-2.07191 -16.87661,-4.88019 -19.78136,-6.24061 -6.54654,-3.06606 -19.96825,-12.93528 -25.9209,-19.0601 -12.22878,-12.58249 -22.8788,-34.92855 -26.32639,-55.2385 -0.70021,-4.125 -1.31772,-14.7 -1.37223,-23.5
l -0.0991,-16
h 16 16
l 0.65791,16.5
c 0.68327,17.1357 1.75878,22.90056 6.50857,34.88664 7.98302,20.14515 25.64402,34.13849 49.50846,39.22706 22.53252,4.80456 83.55342,4.7811 108.82506,-0.0418 12.00684,-2.29143 27.17855,-9.21106 35.07618,-15.99782 5.88124,-5.054 13.92351,-16.77378 17.20615,-25.07405 3.7216,-9.41021 5.91998,-25.64693 4.67114,-34.5 -4.26997,-30.27016 -18.64695,-43.98755 -53.05245,-50.61849 -10.46849,-2.01759 -15.6952,-2.25522 -63.90102,-2.90534 -47.29544,-0.63783 -53.3935,-0.90703 -61.51298,-2.71549 -18.34111,-4.08513 -29.02501,-9.61462 -39.98702,-20.69543 -10.23621,-10.34713 -15.53038,-19.62491 -19.06958,-33.41853 -2.48918,-9.70128 -2.62682,-11.40161 -2.18567,-27 0.3863,-13.65891 0.87603,-17.9031 2.72853,-23.64672 6.41093,-19.87691 19.31699,-36.03928 35.20879,-44.09226 6.14366,-3.11323 18.96165,-6.7803 30.74415,-8.79552
C 749.63465,323.2938 759.50275,323 796.07684,323
c 40.23824,0 45.91299,0.20201 56.57379,2.01391 27.84699,4.73286 41.2274,12.55971 53.82711,31.48609 2.92918,4.4 6.50697,10.82739 7.95063,14.2831 3.0592,7.32278 6.93191,22.82494 6.05608,24.24205
C 920.13175,395.59584 912.89984,396 903.04072,396
h -16.84124
l -1.23314,-5.25
C 879.60693,367.9327 867.0106,358.25015 838.5,355.03222
c -4.95,-0.5587 -24.64046,-1.0195 -43.75658,-1.02402 -48.29134,-0.0114 -58.18774,1.63292 -71.74342,11.9204 -7.55631,5.73452 -12.02243,11.98406 -15.01396,21.00934 -5.50779,16.61675 -2.25626,36.09484 8.23708,49.34378 3.5531,4.48615 11.77029,10.09362 18.07439,12.33408 11.93665,4.24226 17.49213,4.65629 71.20249,5.30641 28.6,0.34618 52.46271,0.92018 53.02824,1.27556 0.56553,0.35538 4.81911,1.16519 9.45241,1.79958 15.9545,2.18448 36.98006,10.64882 48.67385,19.59484 12.34027,9.44058 19.48337,19.91308 25.17415,36.90781 6.16341,18.40617 5.55217,49.94836 -1.34139,69.22101 -7.64664,21.37805 -18.46678,35.444 -36.11342,46.94667 -26.2039,17.08056 -53.98869,20.82549 -135.87384,18.31352
z

m 80,-3.02093
c 12.39249,-1.40904 28.43817,-5.13768 38.02462,-8.83601 24.04616,-9.27671 42.74343,-29.10808 51.85071,-54.99577
l 4.09091,-11.62849 0.3425,-20
c 0.39848,-23.26802 -0.49342,-29.11322 -6.60322,-43.27545 -9.14687,-21.20202 -24.29394,-33.61756 -51.80775,-42.46507 -19.77572,-6.35919 -26.96099,-7.02847 -83.39777,-7.76815 -57.1363,-0.74885 -60.55771,-1.12763 -74.28148,-8.22352 -11.85672,-6.13055 -18.25019,-14.61739 -21.84242,-28.9942 -6.89119,-27.5799 4.66805,-52.95308 28.19666,-61.89325 11.64638,-4.42528 20.9289,-5.05693 67.54208,-4.59602 29.50885,0.29177 45.52311,0.83059 48.88516,1.64478 22.40031,5.42473 32.19839,14.20513 37.18289,33.32088
l 1.76009,6.75
h 14.8898 14.8898
l -0.68287,-3.75
c -1.3688,-7.51673 -6.73846,-21.91319 -10.62093,-28.47554 -7.85716,-13.28053 -20.05631,-24.02116 -32.77296,-28.85464 -3.1052,-1.18026 -10.82082,-3.24404 -17.14582,-4.58618 -10.86029,-2.30451 -13.91978,-2.47267 -55,-3.02298 -46.92779,-0.62864 -52.97547,-0.25963 -71.2437,4.34712 -12.35795,3.11633 -18.89056,5.90574 -26.76228,11.42744 -10.8401,7.60389 -22.49671,25.35277 -26.54249,40.41478 -0.89389,3.32787 -1.85086,12.01229 -2.14879,19.5 -0.48908,12.29213 -0.29647,14.50111 2.15274,24.68915 6.46375,26.88738 25.537,45.85807 53.14796,52.86216 14.48394,3.67416 27.08855,4.44694 72.54719,4.44785 37.15612,7.5e-4 42.92929,0.21818 53.5,2.01489 15.02644,2.55406 21.00308,4.28727 30.34937,8.80126 17.66349,8.53095 27.23451,24.80263 28.63638,48.68469 0.98641,16.80424 -4.05077,33.81408 -14.24329,48.09762 -5.8872,8.25017 -12.01368,13.13833 -23.73648,18.9387
C 860.47468,618.03784 839.29925,620.52328 791,619.70756 751.34971,619.03791 741.559,617.41309 724.60536,608.68907 701.51957,596.80955 689.04533,573.44958 688.99335,542
c -0.0306,-18.52709 1.29292,-17 -14.73403,-17
H 660.7519
l 0.51991,17.75
c 0.43064,14.70254 0.97301,19.54553 3.15901,28.20812 4.27523,16.94162 13.68039,34.82302 23.73599,45.12763 7.82663,8.02045 20.64765,17.10524 28.49446,20.19076 7.62213,2.99717 28.73449,7.99463 36.83873,8.72002 12.58399,1.12636 85.018,1.09872 95,-0.0363
z